Linreg
Opening Name Dummies 20MB (16.479s)
ECO dummies 20MB (2.878s)

Matplotlib colors:
mediumslateblue
royalblue
steelblue

Computing game outcome percentages...
WhiteWin
White Wins    49.865568
Black Wins    46.024088
Tie            4.110344

[1510798 rows x 478 columns]
Fitting model...
                            OLS Regression Results                            
==============================================================================
Dep. Variable:               WhiteWin   R-squared:                       0.121
Model:                            OLS   Adj. R-squared:                  0.121
Method:                 Least Squares   F-statistic:                     435.8
Date:                Wed, 06 Mar 2024   Prob (F-statistic):               0.00
Time:                        03:43:33   Log-Likelihood:            -9.6604e+05
No. Observations:             1510798   AIC:                         1.933e+06
Df Residuals:                 1510319   BIC:                         1.939e+06
Df Model:                         478                                         
Covariance Type:            nonrobust                                         
==============================================================================
                 coef    std err          t      P>|t|      [0.025      0.975]
------------------------------------------------------------------------------
const          0.4920      0.002    299.288      0.000       0.489       0.495
EloDiff        0.0009   2.03e-06    438.035      0.000       0.001       0.001
TimeLimit   5.033e-07   5.77e-07      0.872      0.383   -6.28e-07    1.63e-06
A01            0.0025      0.004      0.551      0.582      -0.006       0.011
A02            0.0153      0.006      2.412      0.016       0.003       0.028
A03            0.0075      0.006      1.182      0.237      -0.005       0.020
A04            0.0280      0.004      6.957      0.000       0.020       0.036
A05            0.0013      0.024      0.056      0.956      -0.045       0.048
A06           -0.0002      0.006     -0.025      0.980      -0.012       0.012
A07            0.0286      0.010      2.767      0.006       0.008       0.049
A08            0.0297      0.014      2.154      0.031       0.003       0.057
A09            0.0536      0.013      4.094      0.000       0.028       0.079
A10            0.0425      0.006      7.714      0.000       0.032       0.053
A11            0.0207      0.016      1.308      0.191      -0.010       0.052
A12            0.0218      0.055      0.395      0.693      -0.086       0.130
A13            0.0389      0.008      4.616      0.000       0.022       0.055
A14            0.0447      0.080      0.559      0.576      -0.112       0.201
A15            0.0246      0.010      2.348      0.019       0.004       0.045
A16            0.0072      0.014      0.529      0.597      -0.020       0.034
A17           -0.0108      0.019     -0.567      0.570      -0.048       0.027
A18            0.0068      0.030      0.226      0.821      -0.052       0.066
A19            0.0369      0.053      0.700      0.484      -0.066       0.140
A20            0.0074      0.006      1.219      0.223      -0.004       0.019
A21            0.0536      0.007      7.741      0.000       0.040       0.067
A22            0.0357      0.008      4.339      0.000       0.020       0.052
A23            0.0325      0.035      0.937      0.349      -0.035       0.101
A24            0.0412      0.094      0.440      0.660      -0.142       0.225
A25            0.0128      0.016      0.785      0.433      -0.019       0.045
A26            0.0938      0.173      0.541      0.588      -0.246       0.434
A27            0.0683      0.028      2.415      0.016       0.013       0.124
A28           -0.0047      0.014     -0.331      0.741      -0.033       0.023
A29            0.0180      0.035      0.510      0.610      -0.051       0.087
A30            0.0268      0.011      2.402      0.016       0.005       0.049
A31            0.0028      0.027      0.103      0.918      -0.050       0.056
A32           -0.0277      0.078     -0.357      0.721      -0.180       0.124
A33            0.0393      0.062      0.635      0.526      -0.082       0.161
A34            0.0369      0.013      2.813      0.005       0.011       0.063
A35            0.0338      0.017      1.948      0.051      -0.000       0.068
A36            0.0433      0.023      1.912      0.056      -0.001       0.088
A37            0.0234      0.056      0.420      0.675      -0.086       0.132
A38            0.0524      0.040      1.307      0.191      -0.026       0.131
A39            0.1277      0.085      1.498      0.134      -0.039       0.295
A40            0.0341      0.003     13.203      0.000       0.029       0.039
A41            0.0328      0.006      5.410      0.000       0.021       0.045
A42            0.0266      0.014      1.965      0.049    7.41e-05       0.053
A43            0.0168      0.005      3.154      0.002       0.006       0.027
A44            0.0471      0.024      1.954      0.051      -0.000       0.094
A45           -0.0024      0.004     -0.609      0.542      -0.010       0.005
A46            0.0215      0.007      3.036      0.002       0.008       0.035
A47           -0.0071      0.032     -0.221      0.825      -0.070       0.056
A48            0.0255      0.015      1.742      0.082      -0.003       0.054
A49           -0.0077      0.013     -0.602      0.547      -0.033       0.017
A50            0.0605      0.013      4.618      0.000       0.035       0.086
A51           -0.0400      0.016     -2.464      0.014      -0.072      -0.008
A52            0.0441      0.014      3.166      0.002       0.017       0.071
A53            0.0391      0.013      2.951      0.003       0.013       0.065
A54            0.0886      0.034      2.596      0.009       0.022       0.156
A55            0.0798      0.078      1.029      0.303      -0.072       0.232
A56           -0.0028      0.019     -0.146      0.884      -0.041       0.035
A57            0.0002      0.015      0.014      0.989      -0.028       0.029
A58           -0.0037      0.030     -0.124      0.901      -0.062       0.055
A59           -0.2155      0.111     -1.937      0.053      -0.434       0.003
A60            0.0242      0.024      0.990      0.322      -0.024       0.072
A61            0.0829      0.098      0.847      0.397      -0.109       0.275
A62            0.1616      0.138      1.169      0.243      -0.109       0.433
A63            0.0389      0.459      0.085      0.932      -0.860       0.938
A65            0.0721      0.028      2.577      0.010       0.017       0.127
A66            0.0480      0.173      0.277      0.782      -0.292       0.388
A67            0.1612      0.118      1.361      0.174      -0.071       0.393
A68           -0.0993      0.138     -0.718      0.473      -0.370       0.172
A69            0.2151      0.118      1.816      0.069      -0.017       0.447
A70           -0.0919      0.054     -1.688      0.091      -0.199       0.015
A71           -0.1338      0.094     -1.429      0.153      -0.317       0.050
A72           -0.4491      0.205     -2.189      0.029      -0.851      -0.047
A73            0.0576      0.205      0.281      0.779      -0.344       0.460
A74           -0.0388      0.205     -0.189      0.850      -0.441       0.363
A75           -0.4067      0.459     -0.887      0.375      -1.306       0.492
A76            0.1923      0.187      1.027      0.304      -0.175       0.559
A77           -0.0045      0.205     -0.022      0.982      -0.407       0.398
A80            0.0289      0.008      3.640      0.000       0.013       0.044
A81            0.0982      0.031      3.215      0.001       0.038       0.158
A82            0.1233      0.048      2.577      0.010       0.030       0.217
A83           -0.0197      0.050     -0.391      0.696      -0.118       0.079
A84            0.0444      0.013      3.475      0.001       0.019       0.069
A85            0.0384      0.015      2.495      0.013       0.008       0.069
A86            0.1190      0.084      1.420      0.156      -0.045       0.283
A87            0.0127      0.153      0.083      0.934      -0.287       0.312
A88           -0.0104      0.075     -0.138      0.890      -0.158       0.137
A89            0.0580      0.138      0.419      0.675      -0.213       0.329
A90            0.0648      0.050      1.285      0.199      -0.034       0.163
A91            0.0111      0.098      0.113      0.910      -0.181       0.203
A92            0.0589      0.132      0.445      0.656      -0.201       0.318
A94            0.0399      0.265      0.151      0.880      -0.479       0.559
A95           -0.0719      0.098     -0.735      0.462      -0.264       0.120
A96            0.0322      0.076      0.421      0.674      -0.118       0.182
A97            0.2750      0.173      1.586      0.113      -0.065       0.615
A99            0.6461      0.459      1.409      0.159      -0.253       1.545
B00            0.0315      0.002     12.699      0.000       0.027       0.036
B01            0.0274      0.002     11.561      0.000       0.023       0.032
B02            0.0195      0.005      4.288      0.000       0.011       0.028
B03            0.0170      0.010      1.772      0.076      -0.002       0.036
B04            0.0406      0.024      1.688      0.091      -0.007       0.088
B05            0.0453      0.036      1.260      0.208      -0.025       0.116
B06            0.0222      0.004      6.210      0.000       0.015       0.029
B07            0.0287      0.003      8.317      0.000       0.022       0.035
B08            0.0273      0.010      2.787      0.005       0.008       0.046
B09            0.0666      0.023      2.911      0.004       0.022       0.111
B10           -0.0067      0.004     -1.555      0.120      -0.015       0.002
B11           -0.0370      0.014     -2.715      0.007      -0.064      -0.010
B12            0.0236      0.005      5.058      0.000       0.014       0.033
B13            0.0008      0.009      0.085      0.932      -0.017       0.018
B14            0.0112      0.031      0.359      0.720      -0.050       0.072
B15            0.0431      0.011      3.924      0.000       0.022       0.065
B16           -0.0214      0.050     -0.425      0.671      -0.120       0.077
B17            0.0486      0.022      2.182      0.029       0.005       0.092
B18            0.0200      0.012      1.644      0.100      -0.004       0.044
B19            0.0187      0.036      0.513      0.608      -0.053       0.090
B20           -0.0164      0.003     -6.236      0.000      -0.022      -0.011
B21            0.0038      0.004      0.999      0.318      -0.004       0.011
B22            0.0219      0.006      3.654      0.000       0.010       0.034
B23            0.0123      0.006      2.100      0.036       0.001       0.024
B24            0.0385      0.022      1.751      0.080      -0.005       0.082
B25            0.0064      0.009      0.711      0.477      -0.011       0.024
B26            0.0770      0.073      1.048      0.295      -0.067       0.221
B27            0.0455      0.007      6.205      0.000       0.031       0.060
B28            0.0341      0.009      3.742      0.000       0.016       0.052
B29            0.0733      0.015      4.925      0.000       0.044       0.102
B30            0.0076      0.004      1.877      0.060      -0.000       0.016
B31            0.0170      0.022      0.773      0.439      -0.026       0.060
B32            0.0511      0.006      9.108      0.000       0.040       0.062
B33           -0.0085      0.011     -0.768      0.442      -0.030       0.013
B34           -0.0084      0.013     -0.648      0.517      -0.034       0.017
B35            0.0266      0.029      0.922      0.357      -0.030       0.083
B36           -0.0139      0.020     -0.683      0.495      -0.054       0.026
B37           -0.0303      0.059     -0.516      0.606      -0.145       0.085
B38            0.0483      0.038      1.283      0.199      -0.025       0.122
B39            0.0048      0.132      0.036      0.971      -0.255       0.264
B40            0.0012      0.005      0.252      0.801      -0.008       0.011
B41           -0.0403      0.019     -2.131      0.033      -0.077      -0.003
B42            0.0307      0.038      0.811      0.417      -0.044       0.105
B43           -0.0092      0.015     -0.609      0.543      -0.039       0.020
B44           -0.0104      0.013     -0.823      0.411      -0.035       0.014
B45            0.0283      0.012      2.334      0.020       0.005       0.052
B46            0.0507      0.019      2.738      0.006       0.014       0.087
B47           -0.0444      0.047     -0.942      0.346      -0.137       0.048
B48           -0.0039      0.054     -0.073      0.942      -0.110       0.102
B49           -0.0106      0.060     -0.177      0.860      -0.128       0.107
B50            0.0018      0.005      0.396      0.692      -0.007       0.011
B51            0.0136      0.020      0.690      0.490      -0.025       0.052
B52            0.0320      0.015      2.180      0.029       0.003       0.061
B53            0.0146      0.015      0.972      0.331      -0.015       0.044
B54            0.0550      0.008      6.528      0.000       0.039       0.072
B55            0.1668      0.173      0.962      0.336      -0.173       0.507
B56            0.0090      0.014      0.636      0.525      -0.019       0.037
B57           -0.0247      0.015     -1.674      0.094      -0.054       0.004
B58            0.0595      0.049      1.209      0.227      -0.037       0.156
B59           -0.1356      0.076     -1.773      0.076      -0.285       0.014
B60            0.0663      0.044      1.522      0.128      -0.019       0.152
B61            0.3536      0.459      0.771      0.441      -0.545       1.253
B62           -0.0181      0.064     -0.282      0.778      -0.144       0.108
B63            0.0153      0.111      0.137      0.891      -0.203       0.233
B64            0.2665      0.229      1.162      0.245      -0.183       0.716
B65           -0.8922      0.459     -1.945      0.052      -1.791       0.007
B66           -0.7755      0.459     -1.691      0.091      -1.675       0.124
B67           -0.6442      0.324     -1.986      0.047      -1.280      -0.008
B68           -0.0887      0.229     -0.387      0.699      -0.538       0.361
B70            0.0028      0.018      0.160      0.873      -0.032       0.037
B71            0.1324      0.066      1.999      0.046       0.003       0.262
B72            0.0022      0.024      0.090      0.929      -0.045       0.049
B73           -0.0366      0.048     -0.769      0.442      -0.130       0.057
B74           -0.2143      0.118     -1.809      0.070      -0.446       0.018
B75            0.1173      0.067      1.753      0.080      -0.014       0.249
B76            0.1070      0.026      4.106      0.000       0.056       0.158
B77            0.1298      0.039      3.346      0.001       0.054       0.206
B78           -0.1145      0.062     -1.850      0.064      -0.236       0.007
B79           -0.3684      0.459     -0.803      0.422      -1.267       0.531
B80            0.0042      0.022      0.193      0.847      -0.038       0.046
B81            0.0339      0.088      0.384      0.701      -0.139       0.207
B82            0.0946      0.098      0.968      0.333      -0.097       0.286
B83            0.0600      0.050      1.192      0.233      -0.039       0.159
B84            0.0221      0.028      0.802      0.423      -0.032       0.076
B85           -0.0398      0.108     -0.368      0.713      -0.252       0.172
B86           -0.0031      0.032     -0.095      0.924      -0.067       0.060
B87           -0.0230      0.074     -0.309      0.757      -0.169       0.123
B88           -0.0225      0.033     -0.673      0.501      -0.088       0.043
B89           -0.0020      0.081     -0.024      0.980      -0.161       0.157
B90           -0.0064      0.009     -0.698      0.485      -0.024       0.012
B91           -0.1346      0.065     -2.074      0.038      -0.262      -0.007
B92            0.0179      0.020      0.904      0.366      -0.021       0.057
B93            0.0026      0.045      0.058      0.954      -0.085       0.090
B94            0.0539      0.024      2.227      0.026       0.006       0.101
B95           -0.0244      0.024     -1.010      0.313      -0.072       0.023
B96           -0.0324      0.058     -0.560      0.576      -0.146       0.081
B97           -0.1343      0.098     -1.374      0.170      -0.326       0.057
B98            0.0251      0.042      0.597      0.551      -0.057       0.108
B99            0.1023      0.057      1.797      0.072      -0.009       0.214
C00            0.0176      0.002      7.443      0.000       0.013       0.022
C01            0.0233      0.005      4.608      0.000       0.013       0.033
C02           -0.0156      0.004     -4.203      0.000      -0.023      -0.008
C03            0.0750      0.020      3.779      0.000       0.036       0.114
C04            0.0496      0.076      0.649      0.516      -0.100       0.200
C05            0.0439      0.019      2.288      0.022       0.006       0.081
C06            0.1602      0.073      2.181      0.029       0.016       0.304
C07            0.0680      0.020      3.320      0.001       0.028       0.108
C08           -0.0313      0.045     -0.702      0.482      -0.119       0.056
C09            0.0943      0.069      1.363      0.173      -0.041       0.230
C10            0.0279      0.008      3.462      0.001       0.012       0.044
C11           -0.0145      0.011     -1.293      0.196      -0.036       0.007
C12            0.0150      0.049      0.307      0.758      -0.081       0.111
C13            0.0846      0.026      3.217      0.001       0.033       0.136
C14            0.0043      0.033      0.131      0.896      -0.061       0.069
C15            0.0115      0.016      0.727      0.467      -0.020       0.043
C16            0.0495      0.025      1.977      0.048       0.000       0.099
C17            0.0546      0.039      1.413      0.158      -0.021       0.130
C18            0.0247      0.029      0.838      0.402      -0.033       0.082
C19           -0.0386      0.080     -0.484      0.629      -0.195       0.118
C20           -0.0030      0.002     -1.330      0.184      -0.007       0.001
C21            0.0615      0.004     16.125      0.000       0.054       0.069
C22           -0.0401      0.005     -8.150      0.000      -0.050      -0.030
C23            0.0434      0.003     13.033      0.000       0.037       0.050
C24            0.0214      0.004      5.300      0.000       0.014       0.029
C25            0.0208      0.007      2.785      0.005       0.006       0.035
C26            0.0250      0.006      4.476      0.000       0.014       0.036
C27            0.0464      0.008      6.155      0.000       0.032       0.061
C28            0.0270      0.010      2.721      0.007       0.008       0.047
C29           -0.0426      0.045     -0.947      0.343      -0.131       0.046
C30            0.0515      0.005     10.746      0.000       0.042       0.061
C31            0.0081      0.012      0.659      0.510      -0.016       0.032
C32           -0.0435      0.036     -1.220      0.223      -0.113       0.026
C33            0.0323      0.010      3.099      0.002       0.012       0.053
C34            0.0665      0.005     14.139      0.000       0.057       0.076
C35           -0.0190      0.012     -1.622      0.105      -0.042       0.004
C36            0.0524      0.011      4.905      0.000       0.031       0.073
C37            0.0137      0.011      1.212      0.226      -0.008       0.036
C38           -0.0059      0.034     -0.174      0.862      -0.072       0.060
C39            0.0300      0.023      1.308      0.191      -0.015       0.075
C40            0.0646      0.003     23.006      0.000       0.059       0.070
C41            0.0491      0.002     21.156      0.000       0.045       0.054
C42            0.0398      0.003     12.491      0.000       0.034       0.046
C43            0.0531      0.012      4.583      0.000       0.030       0.076
C44            0.0318      0.003     10.025      0.000       0.026       0.038
C45            0.0342      0.004      9.044      0.000       0.027       0.042
C46            0.0164      0.004      4.666      0.000       0.009       0.023
C47            0.0378      0.008      4.929      0.000       0.023       0.053
C48            0.0282      0.007      3.806      0.000       0.014       0.043
C49            0.0143      0.018      0.796      0.426      -0.021       0.049
C50            0.0162      0.003      5.485      0.000       0.010       0.022
C51            0.0285      0.014      2.022      0.043       0.001       0.056
C52            0.0590      0.027      2.154      0.031       0.005       0.113
C53            0.0373      0.007      5.196      0.000       0.023       0.051
C54            0.0400      0.014      2.850      0.004       0.012       0.067
C55            0.0422      0.003     12.888      0.000       0.036       0.049
C56           -0.0100      0.025     -0.394      0.693      -0.060       0.040
C57            0.0598      0.005     11.138      0.000       0.049       0.070
C58           -0.0135      0.011     -1.226      0.220      -0.035       0.008
C59           -0.1060      0.032     -3.281      0.001      -0.169      -0.043
C60            0.0592      0.005     12.239      0.000       0.050       0.069
C61            0.0434      0.008      5.770      0.000       0.029       0.058
C62            0.0498      0.005     10.243      0.000       0.040       0.059
C63           -0.0019      0.022     -0.086      0.932      -0.046       0.042
C64            0.0204      0.008      2.605      0.009       0.005       0.036
C65            0.0359      0.007      5.482      0.000       0.023       0.049
C66            0.0767      0.015      5.185      0.000       0.048       0.106
C67            0.0739      0.018      4.204      0.000       0.039       0.108
C68            0.0089      0.006      1.407      0.159      -0.003       0.021
C69            0.0334      0.015      2.180      0.029       0.003       0.063
C70            0.0585      0.009      6.209      0.000       0.040       0.077
C71            0.0543      0.028      1.929      0.054      -0.001       0.110
C72            0.0788      0.032      2.457      0.014       0.016       0.142
C73            0.0898      0.153      0.587      0.557      -0.210       0.389
C74            0.0947      0.032      2.952      0.003       0.032       0.158
C75            0.0172      0.074      0.231      0.817      -0.129       0.163
C77            0.0342      0.013      2.730      0.006       0.010       0.059
C78            0.0692      0.015      4.573      0.000       0.040       0.099
C79            0.0454      0.033      1.376      0.169      -0.019       0.110
C80            0.1041      0.030      3.443      0.001       0.045       0.163
C81           -0.7630      0.459     -1.663      0.096      -1.662       0.136
C82           -0.2547      0.324     -0.785      0.432      -0.890       0.381
C83           -0.1574      0.153     -1.029      0.303      -0.457       0.142
C84           -0.0709      0.041     -1.727      0.084      -0.151       0.010
C85            0.0943      0.075      1.250      0.211      -0.054       0.242
C86            0.2290      0.153      1.498      0.134      -0.071       0.529
C87           -0.0527      0.054     -0.981      0.326      -0.158       0.053
C88         1.318e-05      0.029      0.000      1.000      -0.057       0.057
C89           -0.1111      0.036     -3.089      0.002      -0.182      -0.041
C90           -0.0750      0.066     -1.145      0.252      -0.204       0.053
C91           -0.0530      0.043     -1.239      0.215      -0.137       0.031
C92            0.0621      0.052      1.203      0.229      -0.039       0.163
C93           -0.1412      0.153     -0.923      0.356      -0.441       0.158
C94            0.0405      0.229      0.177      0.860      -0.409       0.490
C95           -0.0004      0.087     -0.005      0.996      -0.170       0.169
C96            0.0077      0.061      0.126      0.899      -0.111       0.127
C97            0.0476      0.081      0.587      0.557      -0.111       0.207
C98            0.0376      0.459      0.082      0.935      -0.861       0.937
C99            0.3150      0.153      2.060      0.039       0.015       0.615
D00            0.0172      0.002      7.342      0.000       0.013       0.022
D01            0.0070      0.005      1.280      0.201      -0.004       0.018
D02            0.0380      0.003     12.490      0.000       0.032       0.044
D03           -0.0052      0.017     -0.308      0.758      -0.038       0.028
D04            0.0173      0.008      2.041      0.041       0.001       0.034
D05            0.0339      0.009      3.590      0.000       0.015       0.052
D06            0.0587      0.005     12.894      0.000       0.050       0.068
D07            0.0848      0.009      9.354      0.000       0.067       0.103
D08            0.0201      0.010      1.960      0.050    3.15e-06       0.040
D09            0.0464      0.041      1.126      0.260      -0.034       0.127
D10            0.0446      0.005      8.657      0.000       0.035       0.055
D11            0.0642      0.011      6.029      0.000       0.043       0.085
D12           -0.0319      0.019     -1.711      0.087      -0.068       0.005
D13            0.0200      0.035      0.571      0.568      -0.049       0.089
D14            0.0026      0.076      0.034      0.973      -0.147       0.152
D15            0.0459      0.011      4.059      0.000       0.024       0.068
D16            0.1290      0.048      2.696      0.007       0.035       0.223
D17            0.1240      0.075      1.644      0.100      -0.024       0.272
D18           -0.0289      0.105     -0.275      0.784      -0.235       0.177
D19           -0.0754      0.092     -0.822      0.411      -0.255       0.104
D20            0.0800      0.004     21.456      0.000       0.073       0.087
D21            0.0926      0.011      8.590      0.000       0.071       0.114
D22            0.0724      0.055      1.320      0.187      -0.035       0.180
D23            0.0302      0.060      0.506      0.613      -0.087       0.147
D24            0.0646      0.027      2.351      0.019       0.011       0.118
D25            0.0536      0.020      2.679      0.007       0.014       0.093
D26            0.0265      0.026      1.034      0.301      -0.024       0.077
D27            0.1062      0.070      1.518      0.129      -0.031       0.243
D28           -1.0547      0.459     -2.299      0.021      -1.954      -0.156
D29            0.6430      0.459      1.402      0.161      -0.256       1.542
D30            0.0313      0.005      5.898      0.000       0.021       0.042
D31            0.0585      0.006      9.420      0.000       0.046       0.071
D32            0.0193      0.014      1.394      0.163      -0.008       0.046
D33            0.1127      0.085      1.323      0.186      -0.054       0.280
D34           -0.0288      0.087     -0.332      0.740      -0.199       0.141
D35            0.0421      0.008      5.456      0.000       0.027       0.057
D36           -0.0452      0.085     -0.531      0.596      -0.212       0.122
D37            0.0130      0.013      1.008      0.314      -0.012       0.038
D38            0.1052      0.065      1.621      0.105      -0.022       0.232
D39            0.0389      0.064      0.611      0.541      -0.086       0.164
D40            0.0024      0.026      0.094      0.925      -0.048       0.053
D41            0.0034      0.036      0.094      0.925      -0.068       0.074
D42            0.0143      0.324      0.044      0.965      -0.621       0.650
D43            0.0345      0.014      2.404      0.016       0.006       0.063
D44            0.0518      0.018      2.931      0.003       0.017       0.086
D45            0.0395      0.013      3.024      0.002       0.014       0.065
D46            0.0590      0.031      1.911      0.056      -0.002       0.120
D47            0.0245      0.051      0.484      0.628      -0.075       0.124
D48            0.0195      0.100      0.195      0.846      -0.177       0.216
D49           -0.0321      0.265     -0.121      0.904      -0.551       0.487
D50            0.0169      0.014      1.232      0.218      -0.010       0.044
D51           -0.0104      0.025     -0.413      0.680      -0.060       0.039
D52            0.0231      0.026      0.901      0.368      -0.027       0.073
D53            0.0350      0.013      2.602      0.009       0.009       0.061
D55            0.0596      0.020      3.054      0.002       0.021       0.098
D56           -0.1306      0.096     -1.366      0.172      -0.318       0.057
D57            0.1945      0.138      1.406      0.160      -0.077       0.466
D58           -0.0405      0.065     -0.624      0.533      -0.168       0.087
D59           -0.1101      0.127     -0.865      0.387      -0.359       0.139
D60           -0.0092      0.036     -0.259      0.796      -0.079       0.060
D61            0.0729      0.105      0.693      0.488      -0.133       0.279
D62           -0.5490      0.459     -1.197      0.231      -1.448       0.350
D67           -0.2152      0.162     -1.327      0.185      -0.533       0.103
D68           -0.1525      0.265     -0.576      0.565      -0.672       0.367
D69           -0.0221      0.265     -0.083      0.934      -0.541       0.497
D70            0.0039      0.041      0.095      0.924      -0.076       0.084
D71            0.1033      0.205      0.504      0.615      -0.299       0.505
D72            0.4343      0.229      1.893      0.058      -0.015       0.884
D73           -0.1004      0.118     -0.847      0.397      -0.333       0.132
D74           -0.0059      0.115     -0.051      0.959      -0.231       0.219
D75            0.0195      0.459      0.042      0.966      -0.880       0.919
D77            0.0034      0.173      0.020      0.984      -0.336       0.343
D78            0.0667      0.051      1.317      0.188      -0.033       0.166
D79           -0.1320      0.098     -1.349      0.177      -0.324       0.060
D80           -0.0545      0.025     -2.202      0.028      -0.103      -0.006
D81            0.0519      0.118      0.438      0.661      -0.180       0.284
D82            0.1550      0.071      2.189      0.029       0.016       0.294
D83            0.0832      0.115      0.726      0.468      -0.142       0.308
D85           -0.0196      0.022     -0.889      0.374      -0.063       0.024
D86            0.0420      0.060      0.703      0.482      -0.075       0.159
D87            0.0913      0.066      1.392      0.164      -0.037       0.220
D88            0.1230      0.085      1.443      0.149      -0.044       0.290
D89           -0.1736      0.229     -0.757      0.449      -0.623       0.276
D90            0.0381      0.041      0.936      0.349      -0.042       0.118
D91           -0.0178      0.041     -0.440      0.660      -0.097       0.062
D92           -0.0458      0.060     -0.766      0.443      -0.163       0.071
D93            0.0370      0.055      0.670      0.503      -0.071       0.145
D94            0.0355      0.022      1.637      0.102      -0.007       0.078
D95            0.1586      0.127      1.246      0.213      -0.091       0.408
D96            0.0879      0.153      0.575      0.565      -0.212       0.388
D97            0.1153      0.111      1.036      0.300      -0.103       0.333
E00            0.0080      0.008      0.957      0.338      -0.008       0.024
E01            0.0398      0.038      1.059      0.290      -0.034       0.114
E02            0.0012      0.187      0.006      0.995      -0.366       0.368
E04           -0.0441      0.057     -0.776      0.438      -0.156       0.067
E05           -0.0730      0.098     -0.746      0.455      -0.265       0.119
E06            0.1067      0.046      2.325      0.020       0.017       0.197
E07           -0.0619      0.153     -0.405      0.686      -0.362       0.238
E08           -0.1600      0.162     -0.986      0.324      -0.478       0.158
E09            0.1974      0.087      2.276      0.023       0.027       0.367
E10            0.0326      0.014      2.280      0.023       0.005       0.061
E11            0.0371      0.023      1.583      0.113      -0.009       0.083
E12            0.0217      0.027      0.812      0.417      -0.031       0.074
E13           -0.0724      0.162     -0.447      0.655      -0.390       0.245
E14            0.0644      0.043      1.512      0.131      -0.019       0.148
E15            0.0627      0.042      1.483      0.138      -0.020       0.146
E16            0.0111      0.063      0.176      0.860      -0.112       0.135
E17           -0.0126      0.051     -0.247      0.805      -0.113       0.087
E18            0.0775      0.076      1.014      0.311      -0.072       0.227
E19           -0.0622      0.132     -0.470      0.639      -0.322       0.197
E20            0.0386      0.009      4.471      0.000       0.022       0.055
E21            0.0343      0.020      1.678      0.093      -0.006       0.074
E22            0.0015      0.051      0.029      0.977      -0.099       0.102
E23            0.5086      0.459      1.109      0.268      -0.390       1.408
E24           -0.0274      0.029     -0.948      0.343      -0.084       0.029
E25            0.0502      0.324      0.155      0.877      -0.586       0.686
E26           -0.1089      0.084     -1.300      0.193      -0.273       0.055
E27           -0.0140      0.049     -0.286      0.775      -0.110       0.082
E28            0.1851      0.127      1.455      0.146      -0.064       0.435
E29            0.0313      0.324      0.096      0.923      -0.604       0.667
E30            0.0009      0.020      0.046      0.963      -0.039       0.041
E31           -0.3514      0.265     -1.327      0.185      -0.871       0.168
E32            0.0660      0.024      2.719      0.007       0.018       0.114
E33           -0.1294      0.052     -2.490      0.013      -0.231      -0.028
E34            0.0439      0.036      1.207      0.227      -0.027       0.115
E35            0.0885      0.123      0.722      0.470      -0.152       0.329
E36           -0.0972      0.081     -1.198      0.231      -0.256       0.062
E37            0.0319      0.162      0.197      0.844      -0.286       0.350
E38           -0.0274      0.039     -0.701      0.483      -0.104       0.049
E39           -0.0856      0.187     -0.457      0.647      -0.453       0.281
E40            0.0037      0.035      0.105      0.917      -0.065       0.072
E41            0.0154      0.066      0.232      0.816      -0.114       0.145
E42           -0.1004      0.145     -0.692      0.489      -0.385       0.184
E43           -0.0307      0.061     -0.506      0.613      -0.150       0.088
E44           -0.1353      0.162     -0.834      0.404      -0.453       0.183
E46           -0.0065      0.063     -0.102      0.918      -0.130       0.117
E47            0.0695      0.079      0.884      0.377      -0.085       0.224
E48           -0.0105      0.069     -0.152      0.879      -0.146       0.125
E49            0.1299      0.145      0.896      0.370      -0.154       0.414
E50           -0.0443      0.064     -0.697      0.486      -0.169       0.080
E51            0.0902      0.038      2.390      0.017       0.016       0.164
E52           -0.1460      0.145     -1.006      0.314      -0.430       0.138
E53            0.0455      0.088      0.516      0.606      -0.128       0.219
E54            0.0390      0.042      0.935      0.350      -0.043       0.121
E56            0.1533      0.145      1.056      0.291      -0.131       0.438
E57            0.2157      0.187      1.152      0.249      -0.151       0.583
E59           -0.0732      0.205     -0.357      0.721      -0.475       0.329
E60           -0.0002      0.016     -0.014      0.988      -0.031       0.031
E61           -0.0039      0.010     -0.399      0.690      -0.023       0.015
E62            0.0510      0.045      1.138      0.255      -0.037       0.139
E63            0.0396      0.096      0.414      0.679      -0.148       0.227
E64           -0.0587      0.076     -0.767      0.443      -0.209       0.091
E65            0.2513      0.084      3.001      0.003       0.087       0.416
E66            0.2236      0.123      1.823      0.068      -0.017       0.464
E67            0.0497      0.059      0.839      0.402      -0.066       0.166
E68            0.1787      0.103      1.742      0.081      -0.022       0.380
E69            0.1906      0.162      1.176      0.240      -0.127       0.509
E70            0.0382      0.020      1.868      0.062      -0.002       0.078
E71           -0.0169      0.025     -0.665      0.506      -0.067       0.033
E72           -0.1141      0.098     -1.166      0.244      -0.306       0.078
E73            0.0443      0.045      0.993      0.321      -0.043       0.132
E75           -0.1678      0.138     -1.213      0.225      -0.439       0.103
E76            0.0400      0.021      1.914      0.056      -0.001       0.081
E77            0.0006      0.021      0.028      0.978      -0.041       0.042
E78           -0.5876      0.459     -1.281      0.200      -1.487       0.311
E79            0.0827      0.187      0.441      0.659      -0.284       0.450
E80            0.0651      0.051      1.284      0.199      -0.034       0.164
E81            0.0062      0.027      0.228      0.819      -0.047       0.060
E82           -0.0219      0.132     -0.165      0.869      -0.281       0.238
E83            0.0516      0.057      0.900      0.368      -0.061       0.164
E84           -0.3767      0.229     -1.643      0.100      -0.826       0.073
E85            0.0853      0.056      1.522      0.128      -0.025       0.195
E86            0.0666      0.324      0.205      0.837      -0.569       0.702
E87            0.0747      0.074      1.003      0.316      -0.071       0.221
E88            0.1505      0.081      1.856      0.063      -0.008       0.309
E90            0.0290      0.014      2.094      0.036       0.002       0.056
E91            0.0641      0.021      3.034      0.002       0.023       0.106
E92           -0.0021      0.034     -0.060      0.952      -0.069       0.065
E93            0.0483      0.103      0.471      0.638      -0.153       0.249
E94            0.0100      0.035      0.288      0.774      -0.058       0.078
E95            0.0616      0.145      0.425      0.671      -0.223       0.346
E97            0.0061      0.047      0.130      0.897      -0.087       0.099
E98            0.0540      0.098      0.552      0.581      -0.138       0.246
E99           -0.1885      0.127     -1.482      0.138      -0.438       0.061
==============================================================================
Omnibus:                  7910942.728   Durbin-Watson:                   2.000
Prob(Omnibus):                  0.000   Jarque-Bera (JB):           154502.979
Skew:                          -0.066   Prob(JB):                         0.00
Kurtosis:                       1.439   Cond. No.                     1.17e+06
==============================================================================

Notes:
[1] Standard Errors assume that the covariance matrix of the errors is correctly specified.
[2] The condition number is large, 1.17e+06. This might indicate that there are
strong multicollinearity or other numerical problems.

White Wins v ELO Difference
r = 0.3448156728461212, r^2 = 0.11889784824032328, p = 0.0

Black Wins v ELO Difference
r = 0.3448156728461212, r^2 = 0.11889784824032328, p = 0.0

[DONE] (33070.3s)